version: 1
creator: callgrind-3.11.0
pid: 26841
cmd:  ./AppOnlineP2.out /assets/circuits/AES/NigelAes.txt /assets/circuits/AES/AESPartyTwoInputs.txt /assets/circuits/CheatingRecovery/UnlockP1Input.txt /data/P2/aes /data/P2/cr /data/P2/aes.matrix /data/P2/cr.matrix 32 7 40 0.62 32 20 40 0.71
part: 1


desc: I1 cache: 
desc: D1 cache: 
desc: LL cache: 

desc: Timerange: Basic block 0 - 6060
desc: Trigger: Program termination

positions: line
events: Ir
summary: 25619


ob=(2) ???
fl=(16) ???
fn=(84) 0x0000000004000ab0
0 1
cob=(1) /lib/x86_64-linux-gnu/ld-2.23.so
cfi=(17) /build/glibc-Qz8a69/glibc-2.23/elf/dl-minimal.c
cfn=(86) free
calls=1 120 
0 6

ob=(1)
fl=(14) /build/glibc-Qz8a69/glibc-2.23/string/../sysdeps/x86_64/multiarch/../memcmp.S
fn=(30) bcmp
24 14
+1 14
+1 14
+1 14
+1 14
+1 14
+1 14
+1 14
+3 14
+1 14
+1 6
+1 6
+1 6
+1 6
+1 6
+1 6
+1 6
+2 13
+1 13
+1 5
+1 5
+1 5
+1 5
+1 5
+1 5
+1 5
+2 13
+1 13
+1 6
+1 6
+1 6
+1 6
+1 2
+1 2
+1 2
+2 9
+1 9
+1 5
+1 5
+1 5
+1 5
+5 4
+1 4
+1 4
+1 4
+1 4
+1 4
+1 4
+1 3
+1 3
+1 3
+1 3
+1 3
+7 3
+2 4
+4 9
+1 9
+15 10
+1 10

fl=(30) /build/glibc-Qz8a69/glibc-2.23/elf/dl-debug.c
fn=(92) _dl_debug_state
74 1

fn=(88) _dl_debug_initialize
50 8
+5 6
+5 2
-1 1
+1 2
+1 2
-1 1
+4 1
-13 4
+4 8
+4 1
-1 1
-58 4

fl=(27) /build/glibc-Qz8a69/glibc-2.23/string/../sysdeps/x86_64/multiarch/../memset.S
fn=(74) memset
53 10
+1 10
+1 10
+1 10
+1 10
+2 10
+1 10
+1 8
+1 8
+15 2
+1 2
+1 2
+1 2
+1 2
+1 2
+1 2
+1 2
+1 2
+1 2
+1 2
+1 2
+1 2
+1 4
+3 2
+1 2
+1 2
+1 2
+1 2
+1 2
+1 2
-6 58
+1 58
+1 58
+1 58
+1 58
+1 58
+1 58
+1 2
+3 8
+1 8
+1 8
+1 2
+1 2
+1 1
+1 1
+3 1
+1 1
+1 1
+1 1
+2 1
+1 1
+1 1
+2 6
+1 6
+1 6

fl=(19) /build/glibc-Qz8a69/glibc-2.23/string/../sysdeps/x86_64/multiarch/../strcmp.S
fn=(54) strcmp
144 40
+1 40
+2 40
+1 40
+21 40
+1 40
+1 30
+1 30
+1 30
+1 30
+1 30
+1 30
+21 30
+1 30
+1 30
+1 30
+1 30
+1 30
+1 30
+15 10
+1 10
+1 10
+1 10
+1 10
+1 10
+1 10
+1 10
+1 10
+1 3
+1 3
+1 3
+2 3
+1 3
+1 3
+1 3
+1 3
+1 3
-5 7
+1 7
+1 7
+1 7
+1 7
+1 7
1196 2
+1 2
+1 2
+1 2
+1 2
+2 2
+1 2
+1 2
+1 2
+1 2
+1 2
+1 2
1321 2
+1 2
+1 2
+1 2
+1 2
+2 2
+1 2
+1 2
+1 2
+1 2
+1 2
+1 2
1446 3
+1 3
+1 3
+1 3
+1 3
+2 3
+1 3
+1 3
+1 3
+1 3
+1 3
+1 3
1571 3
+1 3
+1 3
+1 3
+1 3
+2 3
+1 3
+1 3
+1 3
+1 3
+1 3
+1 3
+1 1
+4 1
+1 1
+1 1
+6 1
+1 1
+1 2
+4 1
+1 1
+3 1
+1 1
+1 1
+3 1
+1 1
+1 1
+6 1
+1 1
+1 1
+1 1
+1 1
+1 1
2200 1
+2 1
+1 1
+1 1
+1 1
-3 9
+1 9
+1 9
+1 9
+1 9
+5 3
+6 3
+1 3
+8 3
+1 3
-16 37
+6 37
+1 37
+8 37
+1 37

fl=(25) /build/glibc-Qz8a69/glibc-2.23/string/../sysdeps/x86_64/memcpy.S
fn=(70) mempcpy
61 60
+4 60
+3 60
+1 60
+2 25
+1 25
+2 25
+1 25
+5 25
+1 25
-1 35
+1 35
+2 41
+1 41
+2 41
+1 41
+5 41
+1 41
-1 19
+1 19
+2 19
+1 19
+2 19
+1 19
+5 19
+1 19
-1 41
+1 41
+2 30
+1 30
+2 30
+1 60
+5 30
+1 30
-1 30
+1 56
+5 26
+1 26
+1 26
+1 26
+2 26
+2 26
+1 26
+2 26
+6 60
+4 60
+12 3
+2 3
+1 3
+26 3
+1 3
+3 3
+1 3
+1 3
+5 3
+2 3
+1 3
+1 3
+1 3
+2 3
+1 3
+1 3
+1 3
+2 3
+1 3
+2 3
+22 3
+2 3

fl=(42) /build/glibc-Qz8a69/glibc-2.23/elf/dl-cache.c
fn=(140) _dl_load_cache_lookup
185 27
+8 6
+3 9
+45 8
+6 6
+9 3
+6 6
-6 12
+6 3
cfi=(24) /build/glibc-Qz8a69/glibc-2.23/io/../sysdeps/unix/syscall-template.S
cfn=(68) access
calls=3 84 
* 27
+19 3
-19 3
+19 446
cfn=(144) _dl_cache_libcmp
calls=28 138 
* 2536
* 138
+31 1
-10 1
+10 7
-46 8
+15 28
cfn=(144)
calls=2 138 
* 224
* 14
-82 4
cfi=(34) /build/glibc-Qz8a69/glibc-2.23/elf/dl-misc.c
cfn=(142) _dl_sysdep_read_whole_file
calls=1 45 
* 94
+8 1
-8 1
+8 4
+1 4
cfi=(14)
cfn=(30)
calls=1 24 
* 38
* 2
+7 1
-3 1
+3 3
+3 1
+1 2
-1 1
+1 1
+1 4
cfi=(14)
cfn=(30)
calls=1 24 
* 32
* 2
+61 42
+16 4
+4 4
+8 6
cfi=(11) /build/glibc-Qz8a69/glibc-2.23/string/../sysdeps/x86_64/strlen.S
cfn=(22) strlen
calls=2 66 
* 68
* 4
+1 2
-1 8
+1 4
cfi=(18) /build/glibc-Qz8a69/glibc-2.23/string/../sysdeps/x86_64/multiarch/../memcpy.S
cfn=(46) memcpy
calls=2 61 
* 171
+1 4
cfi=(29) /build/glibc-Qz8a69/glibc-2.23/string/strdup.c
cfn=(82) strdup
calls=2 40 
* 255
+1 16
-31 18

fn=(144)
138 90
+1 72
+2 380
+2 190
-2 190
+2 12
+6 6
+2 6
-1 6
-1 6
+1 6
+1 24
+2 30
+2 12
+6 368
+2 676
+4 156
+1 156
-29 312
+32 6
-9 2
+10 2
-8 52

fl=(45) /build/glibc-Qz8a69/glibc-2.23/posix/../sysdeps/unix/sysv/linux/_exit.c
fn=(158) _Exit
27 1
+4 1
+2 2

fl=(33) /build/glibc-Qz8a69/glibc-2.23/setjmp/../sysdeps/x86_64/setjmp.S
fn=(100) __sigsetjmp
26 4
+9 4
+1 8
+1 4
+4 4
+1 4
+1 4
+1 4
+1 4
+2 8
+2 4
+1 4
+1 4
+2 8
+2 4
+4 4
+1 4

fl=(40) /build/glibc-Qz8a69/glibc-2.23/elf/dl-deps.c
fn=(132) _dl_map_object_deps
161 1
-1 1
+1 1
-1 4
+1 1
-1 2
+1 1
-1 2
+1 1
-1 2
+1 3
-15 1
+15 1
-17 1
+1 1
+1 1
+6 4
+26 1
-26 1
+26 7
-34 1
+2 1
+33 2
-33 1
-2 1
+2 2
-2 1
+1 1
+1 1
+6 3
+26 1
-26 1
+26 5
+4 1
+21 1
+1 1
-22 2
+19 1
-12 1
+15 1
-16 2
+13 1
317 9
217 1
-4 1
-4 1
+8 1
+12 2
+2 1
+11 1
-5 1
-6 2
+5 1
+2 2
+1 2
+3 7
+50 6
-50 8
+1 6
+6 15
cfi=(28) /build/glibc-Qz8a69/glibc-2.23/string/../sysdeps/x86_64/multiarch/../strchr.S
cfn=(76) index
calls=3 24 
* 117
* 6
+5 15
-3 3
+3 3
cfi=(32) /build/glibc-Qz8a69/glibc-2.23/elf/dl-error.c
cfn=(96) _dl_catch_error
calls=3 -91 
* 15570
+2 9
+15 2
+2 4
+5 2
+6 2
+2 2
-8 4
+3 2
+1 2
+1 2
+1 2
+4 12
-39 2
+86 3
cfi=(11)
cfn=(22)
calls=1 66 
* 34
* 9
cfi=(18)
cfn=(46)
calls=1 61 
* 40
+1 1
-1 1
+1 2
cfi=(11)
cfn=(22)
calls=1 66 
* 34
* 8
cfi=(18)
cfn=(46)
calls=1 61 
* 32
+1 1
-1 1
+1 2
+7 2
-5 1
+5 4
485 3
+4 5
+10 4
cfi=(17)
cfn=(40) malloc
calls=1 94 
* 29
* 1
+3 1
-3 1
+3 1
+5 6
+1 1
-1 3
+1 2
+8 2
+4 3
-4 1
-6 3
-2 3
+8 6
+4 9
-4 3
-6 9
+13 3
+51 3
+2 3
+42 1
-4 1
+5 2
-1 4
+1 2
cfi=(27)
cfn=(74)
calls=1 53 
* 15
* 1
-2 9
+7 1
-1 1
+1 1
-1 2
+7 1
-7 1
+7 2
-13 2
+7 2
-1 2
+1 2
-1 4
+7 2
-7 2
+7 6
+2 8
+1 4
-1 4
+1 2
+31 18
cfi=(27)
cfn=(74)
calls=2 53 
* 37
* 10
-6 3
-28 6
+31 10
-6 2
+16 2
+2 1
+1 1
-1 1
+2 3
+7 3
+3 3
218 4
611 8
cfi=(18)
cfn=(46)
calls=1 61 
* 28
+2 1
-38 1
+38 1
+73 8
cfi=(32)
cfn=(146) _dl_signal_error
calls=1 73 
* 859
209 2

fn=(134) openaux
60 6
+7 3
-4 33
cfi=(22) /build/glibc-Qz8a69/glibc-2.23/elf/dl-load.c
cfn=(104) _dl_map_object
calls=3 2167 
* 15339
* 2
+5 4

fl=(1) ???
fn=(0) 0x0000000000000cc0
0 2
cfi=(2) /build/glibc-Qz8a69/glibc-2.23/elf/rtld.c
cfn=(2) _dl_start
calls=1 337 
0 25617

fl=(23) /build/glibc-Qz8a69/glibc-2.23/elf/dl-hwcaps.c
fn=(66) _dl_important_hwcaps
39 6
+3 1
-3 2
+3 1
-1 1
+1 1
+9 1
-12 4
+12 2
+10 4
162 2
-47 3
cfi=(24)
cfn=(68)
calls=1 -31 
* 9
* 2
+55 3
+2 2
+1 5
+4 2
+4 1
-4 1
+1 1
+3 1
+3 1
+1 1
-1 1
+4 3
+1 1
-1 9
+1 1
+18 10
+1 2
-1 1
+1 3
cfi=(17)
cfn=(40)
calls=1 94 
* 29
* 1
+1 1
-1 1
+1 5
+29 1
+3 1
-3 2
+3 1
+23 7
+6 2
-1 2
+1 6
-1 8
+5 6
+3 1
-3 1
+3 1
-3 3
+3 1
-3 1
+3 5
+1 12
+1 4
-1 4
+1 8
-2 4
+1 8
-1 14
+4 4
+4 1
-1 1
+2 1
-2 1
+1 1
+1 1
-2 1
+2 10
+13 2
+1 1
-1 1
+3 2
-3 2
+1 1
-1 1
+3 2
+3 4
+3 1
-1 1
+1 9
113 1
+17 1
+1 1
-1 9
243 6
cfi=(25)
cfn=(70)
calls=1 61 
* 22
* 4
cfi=(25)
cfn=(70)
calls=1 61 
* 18
+1 4
cfi=(25)
cfn=(70)
calls=1 61 
* 22
* 4
cfi=(25)
cfn=(70)
calls=1 61 
* 18
* 12

fl=(2)
fn=(102) map_doit
480 1
+2 1
-2 1
+3 8
cfi=(22)
cfn=(104)
calls=1 2167 
* 2322
* 1
+2 2

fn=(94) do_preload
654 4
+12 1
-12 2
+10 1
-4 1
+1 1
+5 4
-10 1
+6 1
+4 1
cfi=(32)
cfn=(96)
calls=1 163 
* 2398
+1 3
+10 3
+4 5

fn=(52) rtld_lock_default_unlock_recursive
694 8

fn=(26) dl_main
738 1
+19 1
-19 7
2353 1
738 3
+19 1
+3 1
-22 1
2348 1
760 1
+4 2
+1 2
+5 2
2346 2
+7 4
-4 1
+4 8
+2 2
cfi=(13) /build/glibc-Qz8a69/glibc-2.23/elf/dl-environ.c
cfn=(28) _dl_next_ld_env_entry
calls=1 30 
* 86
* 4
cfi=(13)
cfn=(28)
calls=2 30 
* 435
* 9
+4 50
+1 19
-1 57
+3 4
+6 14
2514 3
+30 3
780 3
981 7
cfi=(15) /build/glibc-Qz8a69/glibc-2.23/elf/dl-object.c
cfn=(32) _dl_new_object
calls=1 61 
* 250
+2 1
-2 1
+2 1
+1 1
+1 1
+5 2
-5 1
+1 2
+4 1
cfi=(15)
cfn=(48) _dl_add_to_namespace_list
calls=1 32 
* 33
+1 3
747 1
1020 1
-3 1
-5 1
+1 1
+2 1
+5 7
+56 5
-55 24
-1 27
+1 57
+69 3
+6 1
+1 1
+1 1
-1 2
+1 1
+4 3
+1 1
-83 2
+84 1
+3 1
-4 1
+4 1
-87 1
1123 5
+2 2
+1 2
+2 2
+2 3
+13 3
+1 6
cfi=(19)
cfn=(54)
calls=1 144 
* 24
* 2
+7 1
+3 1
-5 1
+3 1
+2 1
+1 2
+4 2
+2 2
fi=(3) /build/glibc-Qz8a69/glibc-2.23/elf/get-dynamic-info.h
30 1
+9 2
+6 1
-2 1
+2 2
+15 1
+5 1
+3 1
+2 1
-3 1
-3 1
-3 14
+10 3
-26 9
+16 31
+10 31
-26 93
+26 1
-26 3
+2 70
+13 16
+2 4
+16 3
+38 3
+5 2
+7 2
+1 3
+16 3
+14 3
+18 2
fe=(2)
1166 2
cfi=(6) /build/glibc-Qz8a69/glibc-2.23/elf/dl-lookup.c
cfn=(10) _dl_setup_hash
calls=1 956 
* 23
+3 2
fi=(20) /build/glibc-Qz8a69/glibc-2.23/elf/setup-vdso.h
24 2
fe=(2)
1191 1
cfi=(9) /build/glibc-Qz8a69/glibc-2.23/elf/../sysdeps/unix/sysv/linux/dl-sysdep.c
cfn=(60) _dl_discover_osversion
calls=1 45 
* 85
* 8
-75 2
+1 2
+1 1
-6 2
+1 1
-88 3
+1 1
+50 2
-1 8
+2 4
+1 1
+3 2
+1 2
-1 2
+1 2
+1 2
+1 6
+1 2
-43 1
-2 2
+27 1
-25 2
+7 1
-10 1
+10 1
-19 3
+1 1
fi=(3)
65 4
+3 4
+2 4
fe=(2)
2442 4
cfi=(14)
cfn=(30)
calls=1 24 
* 31
* 2
+2 3
-55 4
cfi=(14)
cfn=(30)
calls=1 24 
* 18
* 2
+7 4
cfi=(14)
cfn=(30)
calls=1 24 
* 36
* 2
+2 3
1185 3
+11 2
cfi=(22)
cfn=(64) _dl_init_paths
calls=1 661 
* 1629
+3 3
cfi=(30)
cfn=(88)
calls=1 50 
* 17
+7 1
-7 1
+2 1
+5 1
+3 3
+1 1
+3 1
-3 3
+1 2
+3 1
+5 1
-7 1
+7 1
+1 5
+17 2
+1 2
+5 1
-3 4
+2 2
+1 3
+5 3
+1 5
+2 2
+1 2
+5 2
+5 1
753 1
1262 2
1439 1
cfi=(31) /build/glibc-Qz8a69/glibc-2.23/elf/dl-tls.c
cfn=(90) _dl_count_modids
calls=1 115 
* 4
* 1
+8 3
+3 1
+4 3
+5 1
+1 1
cfi=(30)
cfn=(92)
calls=1 74 
* 1
+1 1
+4 3
+15 3
+4 1
-2 1
+2 2
+31 3
cfi=(24)
cfn=(68)
calls=1 84 
* 9
* 2
+77 1
1481 1
1592 3
+17 3
+1 1
-1 1
+1 2
-1 1
+1 5
cfi=(40)
cfn=(132)
calls=1 161 
* 17273
-14 5
+1 1
-1 3
+4 3
+1 1
+1 2
+1 2
1491 2
cfi=(11)
cfn=(22)
calls=1 66 
* 34
* 8
cfi=(18)
cfn=(46)
calls=1 61 
* 87
* 1
+3 6
+3 3
cfi=(17)
cfn=(80) strsep
calls=1 354 
* 766
* 3
cfi=(17)
cfn=(80)
calls=1 354 
* 6
* 6
+1 2
+1 3
+2 4
cfn=(94)
calls=1 654 
* 2426
* 2
+2 1
+2 6

fn=(98) _dl_initial_error_catch_tsd
648 12

fn=(2)
337 9
+18 4
fi=(5) /build/glibc-Qz8a69/glibc-2.23/elf/../sysdeps/x86_64/dl-machine.h
59 1
fe=(2)
355 1
fi=(3)
45 1
fi=(5)
+14 2
fe=(2)
381 1
fi=(3)
45 1
fe=(2)
378 1
fi=(3)
45 1
+25 2
-3 1
-7 1
+5 1
+3 1
+2 1
-3 1
-3 1
-3 2
-13 26
+23 13
-26 39
+26 1
-26 3
+2 36
+13 20
+1 16
+10 4
-26 12
+33 2
+20 4
+1 4
+1 4
+1 4
+2 4
+5 4
+1 4
+1 4
+6 3
+5 2
+7 3
+1 3
+8 3
+2 3
+3 2
+1 2
fe=(2)
392 2
286 1
399 1
286 1
cfi=(6)
cfn=(10)
calls=1 956 
* 23
+1 2
+1 2
+1 2
+1 2
+8 1
+9 1
-9 3
+9 1
-6 1
-3 1
+9 1
cfi=(7) /build/glibc-Qz8a69/glibc-2.23/elf/../elf/dl-sysdep.c
cfn=(12) _dl_sysdep_start
calls=1 86 
* 24987
fi=(3)
62 4
+3 4
fe=(2)
397 26
fi=(4) /build/glibc-Qz8a69/glibc-2.23/elf/do-rel.h
84 1
+27 1
-28 1
+28 2
+1 2
fi=(5)
517 2
fi=(4)
112 18
fi=(5)
517 18
+1 20
fi=(4)
111 20
fi=(5)
518 10
fi=(4)
111 10
+5 2
+8 1
fi=(5)
312 1
fi=(4)
124 2
+12 1
+1 3
fi=(5)
266 1
fi=(4)
137 1
fi=(5)
294 1
fi=(4)
137 2
fi=(5)
294 1
fi=(4)
136 5
+1 15
fi=(5)
266 5
fi=(4)
137 5
fi=(5)
294 5
fi=(4)
137 10
fi=(5)
294 5
+9 12
+3 6
-3 12
+3 18
+6 36
fi=(3)
68 4
+2 3
fi=(5)
425 12
fi=(4)
124 19
fe=(2)

fn=(50) rtld_lock_default_lock_recursive
688 8

fl=(34)
fn=(152) _dl_dprintf
275 7
+3 1
+1 3
-1 5
+1 1
cfn=(154) _dl_debug_vdprintf
calls=1 84 
* 772
+2 2

fn=(142)
45 2
+7 1
-7 3
+7 1
-7 3
+7 1
cfi=(24)
cfn=(110) open
calls=1 +32 
* 5
+1 2
+2 5
cfi=(36) /build/glibc-Qz8a69/glibc-2.23/io/../sysdeps/unix/sysv/linux/wordsize-64/fxstat.c
cfn=(120) _fxstat
calls=1 -21 
* 10
* 2
+2 1
+3 1
-3 1
+3 1
+13 2
cfi=(24)
cfn=(130) close
calls=1 +11 
* 5
+3 7
-14 6
cfi=(26) /build/glibc-Qz8a69/glibc-2.23/misc/../sysdeps/unix/sysv/linux/wordsize-64/mmap.c
cfn=(72) mmap
calls=1 -29 
* 33
* 2

fn=(154)
84 1
+22 1
-22 3
+30 1
-30 4
+4 1
+18 1
-19 1
-3 2
+22 1
-15 1
-7 2
fi=(46) /build/glibc-Qz8a69/glibc-2.23/elf/../sysdeps/generic/_itoa.h
-8 1
fe=(34)
+15 3
+4 16
+26 40
+1 1
-1 3
+1 4
-1 24
+4 16
+1 56
+1 6
+2 16
+96 2
+13 8
91 24
fi=(44) /build/glibc-Qz8a69/glibc-2.23/elf/../sysdeps/unix/sysv/linux/dl-writev.h
-54 5
fe=(34)
245 8
140 28
-8 7
+16 7
-15 7
+15 7
+7 7
-21 7
+21 7
+9 28
+8 14
+45 7
+6 14
-51 7
+35 72
+1 4
cfi=(11)
cfn=(22)
calls=4 66 
* 118
-1 21
+1 3
cfi=(11)
cfn=(22)
calls=3 66 
* 84
+1 35
-88 10
+86 12
+1 14

fn=(106) _dl_name_match_p
288 70
+1 28
cfi=(19)
cfn=(54)
calls=14 144 
* 414
* 14
+1 14
-1 14
+3 14
+2 28
+4 18
-4 36
+1 54
cfi=(19)
cfn=(54)
calls=18 144 
* 510
* 36
+6 14
-1 14
+1 56

fl=(41) /build/glibc-Qz8a69/glibc-2.23/io/../sysdeps/unix/sysv/linux/wordsize-64/xstat.c
fn=(138) _xstat
34 20
-1 20
+1 20
+1 120
+4 5
-4 60

fl=(28)
fn=(76)
24 10
+1 10
+1 10
+1 10
+1 10
+1 10
+1 10
+1 10
+1 10
+1 10
+1 10
+1 10
+1 10
+1 10
+1 10
+1 10
+1 10
+1 5
+4 5
+1 5
+1 5
+1 5
+2 5
+4 5
+1 5
+1 5
+1 5
+1 5
+1 5
+1 5
+1 5
+1 5
+1 5
+1 5
+1 5
+1 5
+1 5
+1 5
+1 5
+1 5
+1 5
+1 5
+1 5
+1 5
+1 5
+1 5
+1 5
+52 5
+4 5
+1 5
+1 5
+1 5
+2 5

fl=(22)
fn=(78) fillin_rpath
433 8
+2 1
-2 9
+5 1
cfi=(17)
cfn=(80)
calls=1 -84 
* 238
* 4
-66 3
cfi=(28)
cfn=(76)
calls=1 24 
* 23
* 2
+4 2
cfi=(29)
cfn=(82)
calls=1 40 
* 94
* 1
+68 2
cfi=(11)
cfn=(22)
calls=1 66 
* 16
+4 1
-4 1
+4 1
+22 15
+1 8
+55 2
+2 2
cob=(2)
cfi=(16)
cfn=(84)
calls=1 0 
* 7
* 2
-90 1
cfi=(17)
cfn=(80)
calls=1 -84 
* 6
* 3
+94 1
+3 9
-46 2
+4 2
-1 4
cfi=(17)
cfn=(40)
calls=1 94 
* 29
* 1
+3 1
-3 1
+3 2
+5 1
+1 2
-2 1
+2 1
cfi=(25)
cfn=(70)
calls=1 61 
* 31
+3 1
-3 1
+1 1
+2 1
+6 2
+1 1
-1 2
+1 13
+1 11
-1 2
+3 2
+1 3
+7 1
+1 1
-1 2
-67 6
+8 1
-3 3
+3 2
+26 2
-34 2
+65 2
-9 2

fn=(136) open_path
2018 32
+1 4
+6 4
-6 4
+6 4
+5 36
+52 4
-59 4
-1 4
+60 4
-52 32
+74 16
-62 4
-9 4
+9 7
-9 3
+9 3
+7 28
cfi=(25)
cfn=(70)
calls=7 61 
* 201
+1 7
-1 7
+1 35
+20 40
-20 107
+3 56
+5 44
-1 22
+1 44
-1 66
cfi=(25)
cfn=(70)
calls=22 61 
* 453
* 88
cfi=(25)
cfn=(70)
calls=22 61 
* 691
-1 22
+7 22
-7 22
+7 22
+3 198
cfn=(108) open_verify.constprop.7
calls=22 1695 
* 968
* 22
+2 110
+26 8
+2 4
+39 49
+7 7
-2 7
+2 21
+3 12
+14 4
-27 4
+27 28
-84 40
+1 180
+6 20
+2 20
-2 20
+2 40
-2 20
+2 20
cfi=(41)
cfn=(138)
calls=20 34 
* 245
* 40
+1 5
+2 5
-2 5
+2 35
+7 15
-7 15
+7 45
-30 15
+23 30

fn=(104)
2167 28
+8 4
-8 8
+8 4
+1 16
+3 74
+5 98
+2 42
cfi=(34)
cfn=(106)
calls=14 288 
* 1334
* 28
+4 28
+1 42
+3 7
+2 28
cfi=(19)
cfn=(54)
calls=7 144 
* 233
* 14
2478 24
2213 20
+9 4
-53 4
+53 8
+36 8
-2 4
+2 4
cfi=(28)
cfn=(76)
calls=4 24 
* 140
* 8
2409 2
372 3
cfi=(28)
cfn=(76)
calls=1 24 
* 47
* 2
+4 2
cfi=(29)
cfn=(82)
calls=1 40 
* 128
2410 1
-3 1
+3 2
+4 9
cfn=(108)
calls=1 1695 
* 299
+3 1
-3 1
+3 3
+12 3
+46 1
+1 3
-1 1
+1 9
cfn=(114) _dl_map_object_from_fd
calls=1 871 
* 1444
-1 2
+1 6
-1 2
+1 18
cfn=(114)
calls=2 871 
* 3439
* 6
-43 3
2262 6
cfi=(11)
cfn=(22)
calls=3 66 
* 84
* 3
+2 3
-2 3
+2 3
+7 12
+35 6
+1 42
cfn=(136)
calls=3 2018 
* 1314
+6 6
-6 3
+6 9
638 3
2314 3
638 6
2401 6
+28 9
+2 10
+34 2
2275 3
+5 3
-5 3
+5 3
+3 6
-3 3
+3 21
-3 9
638 3
2281 3
638 6
2336 3
-14 3
+14 3
+2 9
+4 6
cfi=(42)
cfn=(140)
calls=3 185 
* 4318
+2 3
-2 3
+2 3
+4 4
+8 6
+23 20
cfn=(108)
calls=2 1695 
* 602
+4 2
-4 2
+4 6
+1 4
+10 3
+1 3
+1 3
+1 12
cfn=(136)
calls=1 2018 
* 3089
* 3
2295 9
+1 24
638 3
2297 3
638 6
2471 5
cfi=(32)
cfn=(146)
calls=1 73 
* 255

fn=(108)
1695 275
+39 25
-39 75
+39 98
+31 100
cfi=(24)
cfn=(110)
calls=25 84 
* 213
+2 25
-2 25
+2 28
+10 3
+1 6
+5 24
cfi=(24)
cfn=(112) read
calls=3 84 
* 15
+2 6
+2 3
+2 3
-2 6
+2 3
+6 6
+16 12
cfi=(14)
cfn=(30)
calls=3 24 
* 72
* 27
cfi=(14)
cfn=(30)
calls=3 24 
* 108
* 6
+74 6
+5 6
+2 12
+6 6
+11 6
+6 3
+1 3
-1 12
+1 3
-1 3
+1 6
+1 9
+20 183
+2 57
+4 12
+1 9
+12 21
+4 9
-7 12
cfi=(14)
cfn=(30)
calls=3 24 
* 90
* 6
-16 3
+67 46
-23 22
+23 154
1804 6

fn=(64)
661 1
+13 2
-13 8
+13 3
cfi=(23)
cfn=(66)
calls=1 39 
* 398
+5 1
-5 1
+5 1
cfi=(17)
cfn=(40)
calls=1 94 
* 29
* 1
+1 1
-2 1
+2 2
+8 1
-1 1
+1 2
-1 1
+1 1
-1 3
+5 1
-5 1
+5 1
cfi=(17)
cfn=(40)
calls=1 94 
* 80
* 1
+2 1
-3 1
+3 1
+17 1
+12 1
-9 2
+6 1
-19 1
+10 1
+12 1
-11 1
+2 1
+1 4
-15 1
+23 4
-3 21
cfi=(27)
cfn=(74)
calls=4 53 
* 60
* 4
+3 27
-14 3
+2 3
+1 3
+2 6
-3 3
+4 9
+4 3
-3 3
+3 3
+1 3
-4 9
+4 3
+10 1
+4 1
-11 1
+6 1
+6 1
-12 1
+12 1
+2 4
+2 3
+38 5
+8 3
cfi=(28)
cfn=(76)
calls=1 24 
* 23
* 2
+2 2
cfi=(11)
cfn=(22)
calls=1 66 
* 16
* 8
cfi=(18)
cfn=(46)
calls=1 61 
* 31
* 1
+4 6
+17 1
-4 4
-13 52
+17 13
-4 53
+8 1
cfi=(17)
cfn=(40)
calls=1 94 
* 29
* 1
+1 1
-2 1
+2 1
+6 9
cfn=(78)
calls=1 433 
* 605
+4 5
+6 1
+4 8
-75 1
-2 1
+2 2
+14 2

fn=(114)
871 33
+10 3
-10 3
+10 3
-10 9
+10 3
cfi=(30)
cfn=(88)
calls=3 50 
* 24
fi=(35) /build/glibc-Qz8a69/glibc-2.23/elf/../sysdeps/posix/dl-fileid.h
37 9
fe=(22)
881 3
fi=(35)
37 3
cfi=(36)
cfn=(120)
calls=3 -3 
* 30
* 6
+4 3
fe=(22)
897 3
fi=(35)
40 3
+1 3
fe=(22)
897 48
+1 18
fi=(35)
49 24
fe=(22)
1443 24
915 6
+24 6
+10 6
+22 12
+32 6
882 3
1006 21
cfi=(15)
cfn=(32)
calls=3 61 
* 1351
+1 3
-1 3
+1 3
+11 6
+1 3
-1 3
+2 3
-1 3
+4 3
-1 6
-2 3
+2 6
+1 9
+1 3
+19 3
-2 3
+10 3
-8 18
+8 3
-8 9
+8 3
+87 3
+8 3
-8 12
+8 3
-8 9
-86 39
-1 168
+1 120
+6 6
+1 9
+1 3
+9 30
+5 48
+9 18
-1 18
+1 6
+1 12
+2 6
-2 6
+1 6
-1 6
+3 6
+4 6
-7 6
+2 6
+1 6
+4 6
+1 18
+4 9
-14 3
+14 18
+11 3
-11 9
-14 3
+14 18
+11 3
+86 6
+1 9
+1 3
-6 6
+1 3
+8 9
1019 3
1207 3
1019 3
1207 3
+10 9
fi=(37) /build/glibc-Qz8a69/glibc-2.23/elf/./dl-map-segments.h
56 6
fe=(22)
1217 9
fi=(37)
56 3
fe=(22)
1217 3
fi=(37)
56 3
fe=(22)
1217 6
fi=(37)
56 18
cfi=(26)
cfn=(72)
calls=3 -23 
* 105
+4 3
-4 3
+4 6
+3 6
+1 3
+2 3
-2 3
-1 3
+3 3
+10 6
fi=(39) /build/glibc-Qz8a69/glibc-2.23/elf/./dl-load.h
+14 12
+1 9
+2 12
fi=(37)
+7 24
+6 3
+2 3
-2 3
+1 3
+2 3
-1 3
+1 3
-1 9
+8 6
+17 6
+12 6
-59 30
+2 6
+2 3
-2 6
+2 30
cfi=(26)
cfn=(72)
calls=3 -57 
* 93
* 9
fe=(22)
1229 12
+9 6
fi=(3)
39 3
fe=(22)
1238 3
fi=(3)
39 3
+6 3
-2 3
+2 6
+15 3
+5 3
+3 3
-1 3
-3 3
-3 62
+10 14
-26 42
+16 57
+10 57
-26 171
+26 3
-26 9
+2 148
+13 68
+2 12
+3 12
+13 6
+20 9
+1 12
+1 12
+1 12
+2 12
+5 12
+1 11
+1 12
+6 9
+5 6
+7 6
+1 9
+16 9
+14 9
+10 1
-8 4
+8 1
+5 2
+3 6
fe=(22)
1245 6
+15 9
+19 6
+2 15
+54 9
+4 6
cfi=(24)
cfn=(130)
calls=3 84 
* 15
* 6
+9 6
+2 9
+2 3
-2 3
+2 3
+16 6
cfi=(6)
cfn=(10)
calls=3 956 
* 69
+4 6
+1 6
+17 6
+9 3
-5 9
+5 3
+10 6
+10 9
cfi=(15)
cfn=(48)
calls=3 32 
* 129
+4 12
fi=(3)
68 12
+2 15
fe=(22)
1391 2
fi=(37)
119 6
+8 24
cfi=(27)
cfn=(74)
calls=3 -74 
* 481
* 12
-54 12
-1 18
cfi=(38) /build/glibc-Qz8a69/glibc-2.23/misc/../sysdeps/unix/syscall-template.S
cfn=(124) mprotect
calls=3 +12 
* 15
* 3
fi=(39)
+22 15
+1 33
+3 12
fi=(37)
+39 9
cfi=(26)
cfn=(72)
calls=1 33 
* 31
+3 3
fe=(22)
1233 4

fl=(29)
fn=(82)
40 16
+1 4
cfi=(11)
cfn=(22)
calls=4 +25 
* 118
* 4
+1 8
cfi=(17)
cfn=(40)
calls=4 +52 
* 116
* 4
+2 8
+4 4
-1 8
+1 8
-1 8
cfi=(18)
cfn=(46)
calls=4 +14 
* 171

fl=(43) /build/glibc-Qz8a69/glibc-2.23/setjmp/../sysdeps/x86_64/__longjmp.S
fn=(148) __longjmp
29 1
+1 1
+1 1
+2 2
+1 2
+1 2
+10 1
+11 1
+1 1
+1 1
+1 1
+1 1
+2 1
+1 1
+1 1
+1 1
+2 1

fl=(21) /build/glibc-Qz8a69/glibc-2.23/posix/../sysdeps/unix/syscall-template.S
fn=(62) uname
84 4
+1 1

fl=(9)
fn=(60)
45 7
+2 3
+85 8
-45 3
cfi=(21)
cfn=(62)
calls=1 -3 
* 5
* 1
+15 1
-15 1
+20 1
-1 1
+3 12
+4 3
-2 6
+2 9
+7 3
-1 3
+4 3
-2 3
+2 10
+5 2

fl=(12) /build/glibc-Qz8a69/glibc-2.23/elf/../misc/sbrk.c
fn=(24) sbrk
34 4
+8 6
+4 2
+16 5

fl=(13)
fn=(28)
30 3
+3 10
+13 76
-13 228
+2 156
+1 38
+5 2
-3 2
+3 2
+2 2
-12 1
+19 1

fl=(31)
fn=(90)
115 2
+1 2

fl=(36)
fn=(120)
34 4
-1 4
+1 4
+1 24
+4 4

fl=(24)
fn=(112)
84 12
+1 3

fn=(110)
84 104
+1 4
+1 110

fn=(68)
84 20
+2 25

fn=(130)
84 16
+1 4

fl=(6)
fn=(10)
956 15
+4 5
+4 10
+2 5
-1 5
+3 15
+1 5
+1 5
+3 5
-3 5
+7 5
-4 5
-1 5
+3 5
+2 5
-7 5
+7 5
+1 5

fl=(26)
fn=(72)
33 10
-1 100
+1 24
+1 100
+2 70
-3 24

fl=(10) /build/glibc-Qz8a69/glibc-2.23/elf/../sysdeps/unix/sysv/linux/x86_64/brk.c
fn=(18) brk
31 7
+8 1
-6 2
+7 1

fl=(32)
fn=(96)
163 8
+15 4
-3 8
+1 8
-13 8
+14 8
+1 4
+2 4
cfi=(2)
cfn=(98)
calls=4 648 
* 8
+2 4
-1 4
+4 4
-3 8
+3 4
-4 4
+4 4
cfi=(33)
cfn=(100)
calls=4 26 
* 80
* 14
+2 12
cfi=(40)
cfn=(134)
calls=3 60 
* 15387
cfi=(2)
cfn=(102)
calls=1 480 
* 2336
+1 6
+2 3
+1 3
-3 3
+1 6
+1 3
+9 3
-8 3
+8 9
-2 2
+1 1
-1 1
+2 4

fn=(146)
73 4
+4 2
-4 18
+4 4
+2 2
cfi=(2)
cfn=(98)
calls=2 648 
* 4
* 2
+2 6
+1 4
+5 3
cfi=(11)
cfn=(22)
calls=1 -21 
* 34
+1 1
-1 1
+1 1
cfi=(11)
cfn=(22)
calls=1 -22 
* 34
* 1
+2 2
cfi=(17)
cfn=(40)
calls=1 +4 
* 29
* 1
+1 3
+3 7
cfi=(25)
cfn=(70)
calls=1 -33 
* 40
* 4
cfi=(18)
cfn=(46)
calls=1 -33 
* 32
* 1
+3 1
-3 1
+3 2
+6 1
+1 5
+2 3
+10 1
+3 2
-3 1
+3 1
cfi=(43)
cfn=(148)
calls=1 -90 
* 20
+6 23
cfi=(34)
cfn=(152)
calls=1 275 
* 791
* 3
cfi=(45)
cfn=(158)
calls=1 -98 
* 4
* 4
cfi=(17)
cfn=(150) __strerror_r
calls=1 +39 
* 9
* 2

fl=(15)
fn=(32)
61 56
+1 4
cfi=(11)
cfn=(22)
calls=4 +4 
* 100
+6 4
-6 8
+6 8
+7 16
cfi=(17)
cfn=(36) calloc
calls=4 +28 
* 209
* 4
+3 4
-3 4
+3 4
+4 4
+5 8
-6 4
+6 4
-5 4
+3 8
+2 4
cfi=(18)
cfn=(46)
calls=4 -26 
* 120
+10 4
-10 4
+10 4
-8 4
+9 8
-1 12
+1 12
+3 4
-4 4
+1 4
+3 4
+9 4
-7 4
+4 4
+3 10
+2 2
-2 2
+2 30
-2 30
+12 4
+6 4
-5 4
-1 4
+6 20
+2 3
+3 3
-3 3
+3 3
-3 6
+7 9
+4 6
+2 5
+6 1
+6 1
-3 2
+3 5
-3 6
+3 6
+2 9
cfi=(11)
cfn=(22)
calls=3 -91 
* 102
+4 3
-4 12
+4 9
+64 6
+4 32
68 40
+34 11
+39 12
+70 9
cfi=(25)
cfn=(70)
calls=3 61 
* 134
* 68
+6 65
-1 65
+1 68
-1 3
+1 9
+5 6
-89 2
+32 6
cfi=(17)
cfn=(40)
calls=3 -71 
* 87
* 3
+1 3
-1 3
+1 9
+2 1
-35 2

fn=(48)
32 20
+2 8
cfi=(2)
cfn=(50)
calls=4 688 
* 8
+2 4
-2 4
+2 27
+3 27
+2 3
+2 3
+4 3
+4 3
-4 6
+1 3
+4 6
-4 3
+1 3
+3 3
-3 3
+2 3
cfi=(2)
cfn=(52)
calls=3 694 
* 6
-4 1
+4 1
-4 2
+1 1
+4 2
-4 1
+1 1
+3 1
-3 1
+2 1
cfi=(2)
cfn=(52)
calls=1 694 
* 2
-5 2

fl=(17)
fn=(150)
164 7
+9 1
+1 1

fn=(44) __libc_memalign
52 54
+1 71
+11 51
+3 17
-3 17
+3 34
-3 3
+3 1
-3 1
+3 66
+4 8
+1 4
+6 16
cfi=(26)
cfn=(72)
calls=2 -45 
* 66
+2 10
+4 6
+3 2
+1 2
+2 10
-3 16
+1 16
+2 80
-31 2
-1 5

fn=(80)
354 8
+2 4
+1 8
+4 132
+7 366
-2 244
+13 2
+4 4
-7 61
-15 187

fn=(36)
103 4
+8 12
-4 4
+4 8
+3 4
cfn=(40)
calls=4 -20 
* 173
* 4

fn=(40)
94 18
+1 36
cfn=(44)
calls=18 -43 
* 558
* 18

fn=(86)
120 1
+2 3
+7 2

fl=(38)
fn=(124)
84 12
+1 3

fl=(7)
fn=(12)
86 8
+25 1
-1 1
+1 243
+6 1
-3 1
+1 1
-4 1
+3 1
+3 4
+1 2
-1 25
+1 105
-1 102
+62 1
+1 1
-1 1
+1 1
-29 1
+1 2
+11 1
+1 1
-1 1
+1 1
-7 1
+1 1
-1 1
+1 1
-4 1
+1 2
-25 1
+1 2
-4 1
+1 2
-7 1
+1 1
+2 1
+1 1
fi=(9)
-90 2
cfi=(10)
cfn=(18)
calls=1 -4 
* 11
fi=(5)
223 5
fi=(8) /build/glibc-Qz8a69/glibc-2.23/elf/../sysdeps/x86/cpu-features.c
61 2
+3 1
-3 1
+3 9
175 3
+1 1
+3 2
+1 1
+2 2
+1 7
+7 3
+4 2
+2 4
+51 2
fe=(7)
-16 1
fi=(8)
+27 1
+1 1
+1 1
fe=(7)
-29 1
+1 1
cfi=(11)
cfn=(22)
calls=1 66 
* 32
* 1
+2 2
cfi=(12)
cfn=(24)
calls=1 34 
* 17
* 3
+12 3
+3 5
cfi=(2)
cfn=(26)
calls=1 738 
* 24273
fi=(8)
-2 2
+1 2
+4 2
-52 2
+1 1
+6 3
+2 1
+3 3
+16 2
+1 1
+2 2
29 2
+4 1
-4 1
+5 1
-1 1
+2 1
-1 1
+1 1
-2 1
+1 1
+1 1
+1 1
-7 2
+3 1
+4 1
+5 1
+32 2
-32 1
+27 1
+5 1
+3 1
+1 8
+57 2
-66 2
+44 2
248 2
+3 2
fe=(7)

fl=(18)
fn=(46)
61 16
+2 16
+2 16
+3 15
+1 15
+2 8
+1 8
+2 8
+1 8
+5 8
+1 8
-1 7
+1 7
+2 10
+1 10
+2 10
+1 20
+5 10
+1 10
-1 5
+1 5
+2 6
+1 6
+2 6
+1 6
+5 6
+1 6
-1 9
+1 9
+2 8
+1 8
+2 8
+1 8
+5 8
+1 8
-1 7
+1 15
+5 8
+1 8
+1 8
+1 8
+2 8
+2 8
+1 8
+2 8
+8 15
+8 8
+6 8
+2 8
+1 8
+3 3
+1 9
+5 3
+1 3
+2 3
+2 3
+1 3
+2 3
-8 12
+1 12
+2 12
+2 12
+1 12
+2 18
+9 3
+1 3
-1 5
+1 5
+3 8
+1 8
+1 8
+5 7
+2 7
+1 7
+1 7
+1 7
+2 7
+1 7
+1 7
+1 7
+2 7
+1 7
+2 7
+22 8
+6 8
+1 8
+2 1

fl=(11)
fn=(22)
66 31
+1 31
+1 31
+1 31
+1 31
+1 31
+1 31
+2 31
+2 31
+30 30
+1 30
+1 30
+1 30
+1 30
+1 8
+1 8
+4 22
+1 22
+1 22
+1 22
+1 22
+1 22
+1 22
+1 22
+1 22
+1 22
+1 22
+1 22
+5 176
+4 1
+1 14
+1 8

totals: 25619
