237 301
32 32 32

2 1 0 32 269 XOR
2 1 0 32 64 AND
2 1 64 33 65 XOR
2 1 65 1 270 XOR
2 1 64 1 66 XOR
2 1 65 66 67 AND
2 1 64 67 68 XOR
2 1 68 34 69 XOR
2 1 69 2 271 XOR
1 1 3 70 INV
2 1 68 2 71 XOR
2 1 69 71 72 AND
2 1 68 72 73 XOR
2 1 73 35 74 XOR
2 1 70 74 272 XOR
2 1 3 4 75 XOR
2 1 70 73 76 XOR
2 1 74 76 77 AND
2 1 73 77 78 XOR
2 1 78 36 79 XOR
2 1 75 79 273 XOR
1 1 75 80 INV
2 1 80 3 81 AND
2 1 81 5 82 XOR
2 1 75 78 83 XOR
2 1 79 83 84 AND
2 1 78 84 85 XOR
2 1 85 37 86 XOR
2 1 82 86 274 XOR
1 1 82 87 INV
2 1 87 81 88 AND
2 1 88 6 89 XOR
2 1 82 85 90 XOR
2 1 86 90 91 AND
2 1 85 91 92 XOR
2 1 92 38 93 XOR
2 1 89 93 275 XOR
1 1 89 94 INV
2 1 94 88 95 AND
2 1 95 7 96 XOR
2 1 89 92 97 XOR
2 1 93 97 98 AND
2 1 92 98 99 XOR
2 1 99 39 100 XOR
2 1 96 100 276 XOR
1 1 96 101 INV
2 1 101 95 102 AND
2 1 102 8 103 XOR
2 1 96 99 104 XOR
2 1 100 104 105 AND
2 1 99 105 106 XOR
2 1 106 40 107 XOR
2 1 103 107 277 XOR
1 1 103 108 INV
2 1 108 102 109 AND
2 1 109 9 110 XOR
2 1 103 106 111 XOR
2 1 107 111 112 AND
2 1 106 112 113 XOR
2 1 113 41 114 XOR
2 1 110 114 278 XOR
1 1 110 115 INV
2 1 115 109 116 AND
2 1 116 10 117 XOR
2 1 110 113 118 XOR
2 1 114 118 119 AND
2 1 113 119 120 XOR
2 1 120 42 121 XOR
2 1 117 121 279 XOR
1 1 117 122 INV
2 1 122 116 123 AND
2 1 123 11 124 XOR
2 1 117 120 125 XOR
2 1 121 125 126 AND
2 1 120 126 127 XOR
2 1 127 43 128 XOR
2 1 124 128 280 XOR
1 1 124 129 INV
2 1 129 123 130 AND
2 1 130 12 131 XOR
2 1 124 127 132 XOR
2 1 128 132 133 AND
2 1 127 133 134 XOR
2 1 134 44 135 XOR
2 1 131 135 281 XOR
1 1 131 136 INV
2 1 136 130 137 AND
2 1 137 13 138 XOR
2 1 131 134 139 XOR
2 1 135 139 140 AND
2 1 134 140 141 XOR
2 1 141 45 142 XOR
2 1 138 142 282 XOR
1 1 138 143 INV
2 1 143 137 144 AND
2 1 144 14 145 XOR
2 1 138 141 146 XOR
2 1 142 146 147 AND
2 1 141 147 148 XOR
2 1 148 46 149 XOR
2 1 145 149 283 XOR
1 1 145 150 INV
2 1 150 144 151 AND
2 1 151 15 152 XOR
2 1 145 148 153 XOR
2 1 149 153 154 AND
2 1 148 154 155 XOR
2 1 155 47 156 XOR
2 1 152 156 284 XOR
1 1 152 157 INV
2 1 157 151 158 AND
2 1 158 16 159 XOR
2 1 152 155 160 XOR
2 1 156 160 161 AND
2 1 155 161 162 XOR
2 1 162 48 163 XOR
2 1 159 163 285 XOR
1 1 159 164 INV
2 1 164 158 165 AND
2 1 165 17 166 XOR
2 1 159 162 167 XOR
2 1 163 167 168 AND
2 1 162 168 169 XOR
2 1 169 49 170 XOR
2 1 166 170 286 XOR
1 1 166 171 INV
2 1 171 165 172 AND
2 1 172 18 173 XOR
2 1 166 169 174 XOR
2 1 170 174 175 AND
2 1 169 175 176 XOR
2 1 176 50 177 XOR
2 1 173 177 287 XOR
1 1 173 178 INV
2 1 178 172 179 AND
2 1 179 19 180 XOR
2 1 173 176 181 XOR
2 1 177 181 182 AND
2 1 176 182 183 XOR
2 1 183 51 184 XOR
2 1 180 184 288 XOR
1 1 180 185 INV
2 1 185 179 186 AND
2 1 186 20 187 XOR
2 1 180 183 188 XOR
2 1 184 188 189 AND
2 1 183 189 190 XOR
2 1 190 52 191 XOR
2 1 187 191 289 XOR
1 1 187 192 INV
2 1 192 186 193 AND
2 1 193 21 194 XOR
2 1 187 190 195 XOR
2 1 191 195 196 AND
2 1 190 196 197 XOR
2 1 197 53 198 XOR
2 1 194 198 290 XOR
1 1 194 199 INV
2 1 199 193 200 AND
2 1 200 22 201 XOR
2 1 194 197 202 XOR
2 1 198 202 203 AND
2 1 197 203 204 XOR
2 1 204 54 205 XOR
2 1 201 205 291 XOR
1 1 201 206 INV
2 1 206 200 207 AND
2 1 207 23 208 XOR
2 1 201 204 209 XOR
2 1 205 209 210 AND
2 1 204 210 211 XOR
2 1 211 55 212 XOR
2 1 208 212 292 XOR
1 1 208 213 INV
2 1 213 207 214 AND
2 1 214 24 215 XOR
2 1 208 211 216 XOR
2 1 212 216 217 AND
2 1 211 217 218 XOR
2 1 218 56 219 XOR
2 1 215 219 293 XOR
1 1 215 220 INV
2 1 220 214 221 AND
2 1 221 25 222 XOR
2 1 215 218 223 XOR
2 1 219 223 224 AND
2 1 218 224 225 XOR
2 1 225 57 226 XOR
2 1 222 226 294 XOR
1 1 222 227 INV
2 1 227 221 228 AND
2 1 228 26 229 XOR
2 1 222 225 230 XOR
2 1 226 230 231 AND
2 1 225 231 232 XOR
2 1 232 58 233 XOR
2 1 229 233 295 XOR
1 1 229 234 INV
2 1 234 228 235 AND
2 1 235 27 236 XOR
2 1 229 232 237 XOR
2 1 233 237 238 AND
2 1 232 238 239 XOR
2 1 239 59 240 XOR
2 1 236 240 296 XOR
1 1 236 241 INV
2 1 241 235 242 AND
2 1 242 28 243 XOR
2 1 236 239 244 XOR
2 1 240 244 245 AND
2 1 239 245 246 XOR
2 1 246 60 247 XOR
2 1 243 247 297 XOR
1 1 243 248 INV
2 1 248 242 249 AND
2 1 249 29 250 XOR
2 1 243 246 251 XOR
2 1 247 251 252 AND
2 1 246 252 253 XOR
2 1 253 61 254 XOR
2 1 250 254 298 XOR
1 1 250 255 INV
2 1 255 249 256 AND
2 1 256 30 257 XOR
2 1 250 253 258 XOR
2 1 254 258 259 AND
2 1 253 259 260 XOR
2 1 260 62 261 XOR
2 1 257 261 299 XOR
1 1 257 262 INV
2 1 262 256 263 AND
2 1 263 31 264 XOR
2 1 257 260 265 XOR
2 1 261 265 266 AND
2 1 260 266 267 XOR
2 1 267 63 268 XOR
2 1 264 268 300 XOR
