154 2
1 32
0
1
2
3
4
5
6
7
8
9
10
11
12
13
14
15
16
17
18
19
20
21
22
23
24
25
26
27
28
29
30
31
2 32
32
33
34
35
36
37
38
39
40
41
42
43
44
45
46
47
48
49
50
51
52
53
54
55
56
57
58
59
60
61
62
63
1 32
186
187
188
189
190
191
192
193
194
195
196
197
198
199
200
201
202
203
204
205
206
207
208
209
210
211
212
213
214
215
216
217
2 32
186
187
188
189
190
191
192
193
194
195
196
197
198
199
200
201
202
203
204
205
206
207
208
209
210
211
212
213
214
215
216
217
2 1 0 32 186 0110
2 1 0 32 64 0001
2 1 64 33 65 0110
2 1 65 1 187 0110
2 1 64 1 66 0110
2 1 65 66 67 0001
2 1 64 67 68 0110
2 1 68 34 69 0110
2 1 69 2 188 0110
2 1 68 2 70 0110
2 1 69 70 71 0001
2 1 68 71 72 0110
2 1 72 35 73 0110
2 1 73 3 189 0110
2 1 72 3 74 0110
2 1 73 74 75 0001
2 1 72 75 76 0110
2 1 76 36 77 0110
2 1 77 4 190 0110
2 1 76 4 78 0110
2 1 77 78 79 0001
2 1 76 79 80 0110
2 1 80 37 81 0110
2 1 81 5 191 0110
2 1 80 5 82 0110
2 1 81 82 83 0001
2 1 80 83 84 0110
2 1 84 38 85 0110
2 1 85 6 192 0110
2 1 84 6 86 0110
2 1 85 86 87 0001
2 1 84 87 88 0110
2 1 88 39 89 0110
2 1 89 7 193 0110
2 1 88 7 90 0110
2 1 89 90 91 0001
2 1 88 91 92 0110
2 1 92 40 93 0110
2 1 93 8 194 0110
2 1 92 8 94 0110
2 1 93 94 95 0001
2 1 92 95 96 0110
2 1 96 41 97 0110
2 1 97 9 195 0110
2 1 96 9 98 0110
2 1 97 98 99 0001
2 1 96 99 100 0110
2 1 100 42 101 0110
2 1 101 10 196 0110
2 1 100 10 102 0110
2 1 101 102 103 0001
2 1 100 103 104 0110
2 1 104 43 105 0110
2 1 105 11 197 0110
2 1 104 11 106 0110
2 1 105 106 107 0001
2 1 104 107 108 0110
2 1 108 44 109 0110
2 1 109 12 198 0110
2 1 108 12 110 0110
2 1 109 110 111 0001
2 1 108 111 112 0110
2 1 112 45 113 0110
2 1 113 13 199 0110
2 1 112 13 114 0110
2 1 113 114 115 0001
2 1 112 115 116 0110
2 1 116 46 117 0110
2 1 117 14 200 0110
2 1 116 14 118 0110
2 1 117 118 119 0001
2 1 116 119 120 0110
2 1 120 47 121 0110
2 1 121 15 201 0110
2 1 120 15 122 0110
2 1 121 122 123 0001
2 1 120 123 124 0110
2 1 124 48 125 0110
2 1 125 16 202 0110
2 1 124 16 126 0110
2 1 125 126 127 0001
2 1 124 127 128 0110
2 1 128 49 129 0110
2 1 129 17 203 0110
2 1 128 17 130 0110
2 1 129 130 131 0001
2 1 128 131 132 0110
2 1 132 50 133 0110
2 1 133 18 204 0110
2 1 132 18 134 0110
2 1 133 134 135 0001
2 1 132 135 136 0110
2 1 136 51 137 0110
2 1 137 19 205 0110
2 1 136 19 138 0110
2 1 137 138 139 0001
2 1 136 139 140 0110
2 1 140 52 141 0110
2 1 141 20 206 0110
2 1 140 20 142 0110
2 1 141 142 143 0001
2 1 140 143 144 0110
2 1 144 53 145 0110
2 1 145 21 207 0110
2 1 144 21 146 0110
2 1 145 146 147 0001
2 1 144 147 148 0110
2 1 148 54 149 0110
2 1 149 22 208 0110
2 1 148 22 150 0110
2 1 149 150 151 0001
2 1 148 151 152 0110
2 1 152 55 153 0110
2 1 153 23 209 0110
2 1 152 23 154 0110
2 1 153 154 155 0001
2 1 152 155 156 0110
2 1 156 56 157 0110
2 1 157 24 210 0110
2 1 156 24 158 0110
2 1 157 158 159 0001
2 1 156 159 160 0110
2 1 160 57 161 0110
2 1 161 25 211 0110
2 1 160 25 162 0110
2 1 161 162 163 0001
2 1 160 163 164 0110
2 1 164 58 165 0110
2 1 165 26 212 0110
2 1 164 26 166 0110
2 1 165 166 167 0001
2 1 164 167 168 0110
2 1 168 59 169 0110
2 1 169 27 213 0110
2 1 168 27 170 0110
2 1 169 170 171 0001
2 1 168 171 172 0110
2 1 172 60 173 0110
2 1 173 28 214 0110
2 1 172 28 174 0110
2 1 173 174 175 0001
2 1 172 175 176 0110
2 1 176 61 177 0110
2 1 177 29 215 0110
2 1 176 29 178 0110
2 1 177 178 179 0001
2 1 176 179 180 0110
2 1 180 62 181 0110
2 1 181 30 216 0110
2 1 180 30 182 0110
2 1 181 182 183 0001
2 1 180 183 184 0110
2 1 184 63 185 0110
2 1 185 31 217 0110
